 
 @level 1 // 1e-3:
 activity:[26.946689499092795, 1.224005514342696]
 activity_err : [2.3364505410361276, 0.3751425657700238]
 silent : [73.05331050090722, 98.77599448565731]
 silent_err : [2.3364505410361276, 0.3751425657700238] 

@level 2 // 5e-3:
activity:[47.985247670284956, 11.125304115721718]
 activity_err : [2.0442890480871463, 1.585838849356229]
 silent : [52.014752329715044, 88.87469588427828]
 silent_err : [2.0442890480871463, 1.585838849356229]
 
 @level 3 // 1e-2:
  activity:[41.98360954040526, 10.342673846119107]
 activity_err : [2.2071401756197564, 1.240458309198084]
 silent : [58.01639045959474, 89.65732615388092]
 silent_err : [2.2071401756197564, 1.240458309198084]
 
 Total Frames PDO3 dataset: 28116 frames 
